29 19
125
3 2
4 2
5 2
8 2
9 2
10 2
11 2
12 2
18 2
19 2
20 2
21 2
22 2
25 2
26 2
27 2
3 4
4 4
5 4
8 4
12 4
13 4
14 4
15 4
16 4
17 4
18 4
22 4
25 4
26 4
27 4
8 5
15 5
22 5
8 6
9 6
10 6
11 6
12 6
15 6
18 6
19 6
20 6
21 6
22 6
8 7
22 7
8 8
11 8
12 8
13 8
14 8
16 8
17 8
18 8
19 8
22 8
11 9
19 9
8 10
11 10
12 10
13 10
14 10
16 10
17 10
18 10
19 10
22 10
8 11
22 11
8 12
12 12
13 12
14 12
15 12
16 12
17 12
18 12
22 12
15 13
4 14
5 14
8 14
9 14
10 14
11 14
12 14
18 14
19 14
20 14
21 14
22 14
25 14
26 14
5 15
25 15
5 16
8 16
12 16
13 16
14 16
15 16
16 16
17 16
18 16
22 16
25 16
8 17
15 17
22 17
4 18
5 18
6 18
7 18
8 18
9 18
10 18
20 18
21 18
22 18
23 18
24 18
25 18
26 18
7